([89959791916939 [19 10852285] [1 417395] [6 16053] [9 617] [3 23] [9 0]]
 [89959792917939 [29 10852311] [1 417396] [7 16053] [9 617] [3 23] [9 0]]
 [89959793918939 [39 10852337] [1 417397] [8 16053] [9 617] [3 23] [9 0]]
 [89959794919939 [49 10852363] [1 417398] [9 16053] [9 617] [3 23] [9 0]]
 [89959681916939 [19 10852285] [1 417395] [6 16053] [9 617] [3 23] [9 0]]
 [89959682917939 [29 10852311] [1 417396] [7 16053] [9 617] [3 23] [9 0]]
 [89959683918939 [39 10852337] [1 417397] [8 16053] [9 617] [3 23] [9 0]]
 [89959684919939 [49 10852363] [1 417398] [9 16053] [9 617] [3 23] [9 0]]
 [89959571916939 [19 10852285] [1 417395] [6 16053] [9 617] [3 23] [9 0]]
 [89959572917939 [29 10852311] [1 417396] [7 16053] [9 617] [3 23] [9 0]]
 [89959573918939 [39 10852337] [1 417397] [8 16053] [9 617] [3 23] [9 0]]
 [89959574919939 [49 10852363] [1 417398] [9 16053] [9 617] [3 23] [9 0]]
 [89959461916939 [19 10852285] [1 417395] [6 16053] [9 617] [3 23] [9 0]]
 [89959462917939 [29 10852311] [1 417396] [7 16053] [9 617] [3 23] [9 0]]
 [89959463918939 [39 10852337] [1 417397] [8 16053] [9 617] [3 23] [9 0]]
 [89959464919939 [49 10852363] [1 417398] [9 16053] [9 617] [3 23] [9 0]]
 [89959351916939 [19 10852285] [1 417395] [6 16053] [9 617] [3 23] [9 0]]
 [89959352917939 [29 10852311] [1 417396] [7 16053] [9 617] [3 23] [9 0]]
 [89959353918939 [39 10852337] [1 417397] [8 16053] [9 617] [3 23] [9 0]]
 [89959354919939 [49 10852363] [1 417398] [9 16053] [9 617] [3 23] [9 0]]
 [89959241916939 [19 10852285] [1 417395] [6 16053] [9 617] [3 23] [9 0]]
 [89959242917939 [29 10852311] [1 417396] [7 16053] [9 617] [3 23] [9 0]]
 [89959243918939 [39 10852337] [1 417397] [8 16053] [9 617] [3 23] [9 0]]
 [89959244919939 [49 10852363] [1 417398] [9 16053] [9 617] [3 23] [9 0]]
 [89959131916939 [19 10852285] [1 417395] [6 16053] [9 617] [3 23] [9 0]]
 [89959132917939 [29 10852311] [1 417396] [7 16053] [9 617] [3 23] [9 0]]
 [89959133918939 [39 10852337] [1 417397] [8 16053] [9 617] [3 23] [9 0]]
 [89959134919939 [49 10852363] [1 417398] [9 16053] [9 617] [3 23] [9 0]])
